 16, 80.3636, 16.9091, 15.4545, 14.1818
   17, 96.7273, 17.1818, 14.7273, 20.3636
   18, 114, 52.2727, 12, 10.7273
   19, 1 ,26.25 7.5 84.25
   20, 17 ,0 7.75 31
   21 8.75 ,25.5 12 7
   22 25.25 ,1.25 93.75 15
   23 11.2727, 157.818 24 12
   24 124, 174 24 12
   25 155, 45 24 12
   26 147.5, 87 24 16.5
   27 196, 57.5 24 12
   28 234.5, 78 24 12
   29 193, 107 24 12
   30 267.5, 285.5 24 12
   31 119.5, 0.75 8.5 30.3333
   32 130, 24.3333 14 8.33333
   33 135.333, 34 8 77
   34 120.667, 90.3333 14.6667 20.6667
   35 16.6667, 106.333 39.6667 21
   36 80.3333, 122.667 14 20
   37 48.3333, 122.333 14.6667 20.3333
   38 86.1667, 105.167 39.6667 21
   39 8.66665, 91.3333 14.6667 20.6667
   40 314.667, 238 24 12
   41 370 ,261.333 118.667 40.6667
   42 370.727, 2 27.8182 125.455
   43 399 100, 59.3333 25.6667
   44 435.333, 116.833 187.333 25.6667
   45 595.333, 145.333 57.3333 29.3333
   46 757.424, 83.9392 42.4849 75.455
   47 492 ,206.667 57.3333 29.3333
   48 382.667, 171.333 24 12
   49 452.091, 151.939 38.4849 108.122
   52 550 ,22,.333 48 29.3333
   53 579.333, 256.667 48 29.3333
   54 786.091, 222.606 14.4849 108.122
   55 785.424 ,153.272 14.4849 67.4553
   56 626.758, 166.606 27.8182 108.122
   57 593.576, 291.455 12.5455 12
   58 656.394, 256.667, 15.5455, 15
   59 751.727, 288 15.5455, 15
   60 735.727, 339, 12.5455, 12
   61 180, 13.75, 24, 16.5